#### Simulations (1)
# batteryCharge #1
0.0 0.0
0.0 0.0
0.21 50.0
0.21 50.0
9.999999999999828 50.0
10.0 50.0
10.21 49.92
10.21 49.92
20.00000000000031 49.92
20.00000000000065 49.92
20.21000000000069 49.84
20.21000000000069 49.84
30.00000000000185 49.84
30.00000000000237 49.84
30.2100000000024 49.76
30.2100000000024 49.76
40.00000000000057 49.76
40.00000000000126 49.76
40.21000000000122 49.68
40.21000000000122 49.68
49.99999999999858 49.68
49.99999999999943 49.68
50.21336716177539 49.6
50.21336716177539 49.6
59.99999999999665 49.6
59.99999999999768 49.6
60.21336716177347 49.52
60.21336716177347 49.52
69.99999999999893 49.52
70.00000000000014 49.52
70.2133671617759 49.44
70.2133671617759 49.44
80.00000000000404 49.44
80.0000000000054 49.44
80.213367161781 49.36
80.213367161781 49.36
90.00000000000914 49.36
90.00000000001069 49.36
90.21336716178611 49.28
90.21336716178611 49.28
100.0000000000143 49.28
100.000000000016 49.28
100.2133671617912 49.2
100.2133671617912 49.2
110.0000000000194 49.2
110.0000000000212 49.2
110.2133671617963 49.12
110.2133671617963 49.12
120.0000000000245 49.12
120.0000000000265 49.12
120.2133671618014 49.04
120.2133671618014 49.04
130.0000000000267 49.04
130.0000000000289 49.04
130.2133671618034 48.96
130.2133671618034 48.96
140.0000000000177 48.96
140.0000000000201 48.96
140.2133671617944 48.88
140.2133671617944 48.88
150.0000000000088 48.88
150.0000000000113 48.88
150.2133671617854 48.8
150.2133671617854 48.8
159.9999999999997 48.8
160.0000000000025 48.8
160.2133671617764 48.72
160.2133671617764 48.72
169.9999999999908 48.72
169.9999999999937 48.72
170.2133671617674 48.64
170.2133671617674 48.64
179.9999999999818 48.64
179.9999999999849 48.64
180.2133671617585 48.56
180.2133671617585 48.56
189.9999999999728 48.56
189.999999999976 48.56
190.2133671617495 48.48
190.2133671617495 48.48
199.9999999999637 48.48
199.9999999999671 48.48
200.2133671617404 48.4
200.2133671617404 48.4
209.9999999999547 48.4
209.9999999999582 48.4
210.2133671617313 48.32
210.2133671617313 48.32
219.9999999999455 48.32
219.9999999999493 48.32
220.2133671617222 48.24
220.2133671617222 48.24
229.9999999999364 48.24
229.9999999999404 48.24
230.2133671617131 48.16
230.2133671617131 48.16
239.9999999999274 48.16
239.9999999999315 48.16
240.2133671617041 48.08
240.2133671617041 48.08
249.9999999999183 48.08
249.9999999999226 48.08
250.213367161695 48.0
250.213367161695 48.0
259.9999999999093 48.0
259.9999999999138 48.0
260.213367161686 47.92
260.213367161686 47.92
269.9999999999005 47.92
269.9999999999051 47.92
270.2133671616772 47.84
270.2133671616772 47.84
279.9999999998917 47.84
279.9999999998965 47.84
280.2133671616684 47.76
280.2133671616684 47.76
289.9999999998829 47.76
289.9999999998879 47.76
290.2133671616596 47.68
290.2133671616596 47.68
299.999999999874 47.68
299.9999999998792 47.68
300.2133671616507 47.6
300.2133671616507 47.6
309.9999999998651 47.6
309.9999999998704 47.6
310.2133671616417 47.52
310.2133671616417 47.52
319.999999999856 47.52
319.9999999998615 47.52
320.2133671616326 47.44
320.2133671616326 47.44
329.999999999847 47.44
329.9999999998526 47.44
330.2133671616236 47.36
330.2133671616236 47.36
339.9999999998377 47.36
339.9999999998436 47.36
340.2133671616144 47.28
340.2133671616144 47.28
349.9999999998287 47.28
349.9999999998347 47.28
350.2133671616053 47.2
350.2133671616053 47.2
359.9999999998195 47.2
359.9999999998257 47.2
360.2133671615962 47.12
360.2133671615962 47.12
369.9999999998106 47.12
369.999999999817 47.12
370.2133671615873 47.04
370.2133671615873 47.04
379.9999999998014 47.04
379.999999999808 47.04
380.2133671615781 46.96
380.2133671615781 46.96
389.9999999997924 46.96
389.9999999997991 46.96
390.213367161569 46.88
390.213367161569 46.88
399.9999999997833 46.88
399.9999999997901 46.88
400.2133671615599 46.8
400.2133671615599 46.8
409.9999999997743 46.8
409.9999999997813 46.8
410.2133671615509 46.72
410.2133671615509 46.72
419.9999999997652 46.72
419.9999999997724 46.72
420.2133671615418 46.64
420.2133671615418 46.64
429.9999999997565 46.64
429.9999999997635 46.64
430.2133671615327 46.56
430.2133671615327 46.56
439.9999999997474 46.56
439.9999999997546 46.56
440.2133671615237 46.48
440.2133671615237 46.48
449.9999999997382 46.48
449.9999999997456 46.48
450.2133671615146 46.4
450.2133671615146 46.4
459.9999999997289 46.4
459.9999999997365 46.4
460.2133671615052 46.32
460.2133671615052 46.32
469.9999999997196 46.32
469.9999999997273 46.32
470.2133671614959 46.24
470.2133671614959 46.24
479.9999999997103 46.24
479.9999999997182 46.24
480.2133671614866 46.16
480.2133671614866 46.16
489.9999999997011 46.16
489.9999999997091 46.16
490.2133671614774 46.08
490.2133671614774 46.08
499.999999999692 46.08
499.9999999997002 46.08
500.2133671614683 46.0
500.2133671614683 46.0
509.9999999996826 46.0
509.9999999996911 46.0
510.213367161459 45.92
510.213367161459 45.92
519.9999999996738 45.92
519.9999999996824 45.92
520.215585340149 45.84
520.215585340149 45.84
529.999999999665 45.84
529.9999999996737 45.84
530.2133671614413 45.76
530.2133671614413 45.76
539.9999999996562 45.76
539.9999999996651 45.76
540.2133671614324 45.68
540.2133671614324 45.68
549.9999999996476 45.68
549.9999999996567 45.68
550.2133671614239 45.6
550.2133671614239 45.6
559.9999999996393 45.6
559.9999999996485 45.6
560.2133671614155 45.52
560.2133671614155 45.52
569.9999999996304 45.52
569.9999999996398 45.52
570.2133671614067 45.44
570.2133671614067 45.44
579.9999999996215 45.44
579.9999999996311 45.44
580.2133671613977 45.36
580.2133671613977 45.36
589.999999999613 45.36
589.9999999996228 45.36
590.2133671613893 45.28
590.2133671613893 45.28
599.9999999996045 45.28
599.9999999996144 45.28
600.2133671613807 45.2
600.2133671613807 45.2
609.9999999995956 45.2
609.9999999996057 45.2
610.2133671613719 45.12
610.2133671613719 45.12
619.9999999995871 45.12
619.9999999995973 45.12
620.2133671613633 45.04
620.2133671613633 45.04
629.9999999995784 45.04
629.9999999995889 45.04
630.2181130101015 44.96
630.2181130101015 44.96
639.9999999995698 44.96
639.9999999995804 44.96
640.213367161346 44.88
640.213367161346 44.88
649.9999999995607 44.88
649.9999999995715 44.88
650.213367161337 44.8
650.213367161337 44.8
659.9999999995521 44.8
659.9999999995631 44.8
660.2133671613284 44.72
660.2133671613284 44.72
669.9999999995435 44.72
669.9999999995547 44.72
670.2133671613199 44.64
670.2133671613199 44.64
679.9999999995346 44.64
679.9999999995459 44.64
680.2133671613109 44.56
680.2133671613109 44.56
689.9999999995258 44.56
689.9999999995373 44.56
690.2146714953636 44.48
690.2146714953636 44.48
699.9999999995173 44.48
699.999999999529 44.48
700.2133671612936 44.4
700.2133671612936 44.4
709.9999999995089 44.4
709.9999999995207 44.4
710.2133671612852 44.32
710.2133671612852 44.32
719.9999999995001 44.32
719.9999999995122 44.32
720.2133671612764 44.24
720.2133671612764 44.24
729.9999999994915 44.24
729.9999999995036 44.24
730.2133671612678 44.16
730.2133671612678 44.16
739.9999999994832 44.16
739.9999999994956 44.16
740.2133671612595 44.08
740.2133671612595 44.08
749.9999999994745 44.08
749.999999999487 44.08
750.2133671612507 44.0
750.2133671612507 44.0
759.9999999994656 44.0
759.9999999994783 44.0
760.212384161042 43.92
760.212384161042 43.92
769.9999999994569 43.92
769.9999999994698 43.92
770.2133671612331 43.84
770.2133671612331 43.84
779.999999999448 43.84
779.9999999994611 43.84
780.2133671612244 43.76
780.2133671612244 43.76
789.9999999994396 43.76
789.9999999994528 43.76
790.2133671612158 43.68
790.2133671612158 43.68
799.9999999994307 43.68
799.9999999994441 43.68
800.213367161207 43.6
800.213367161207 43.6
809.999999999422 43.6
809.9999999994355 43.6
810.2133671611982 43.52
810.2133671611982 43.52
819.9999999994131 43.52
819.9999999994269 43.52
820.2133671611895 43.44
820.2133671611895 43.44
829.9999999994048 43.44
829.9999999994187 43.44
830.213367161181 43.36
830.213367161181 43.36
839.9999999993962 43.36
839.9999999994103 43.36
840.2196833493357 43.28
840.2196833493357 43.28
849.9999999993876 43.28
849.9999999994018 43.28
850.2133671611638 43.2
850.2133671611638 43.2
859.999999999379 43.2
859.9999999993935 43.2
860.2133671611554 43.12
860.2133671611554 43.12
869.9999999993705 43.12
869.9999999993851 43.12
870.2133671611467 43.04
870.2133671611467 43.04
879.9999999993618 43.04
879.9999999993765 43.04
880.2133671611381 42.96
880.2133671611381 42.96
889.9999999993531 42.96
889.999999999368 42.96
890.2133671611293 42.88
890.2133671611293 42.88
899.9999999993444 42.88
899.9999999993595 42.88
900.0099999993595 42.8
# robPositionX #1
0.0 0.0
0.0 0.0
0.21 220.0
0.21 220.0
6.999999999999892 220.0
6.999999999999957 220.0
7.209999999999953 227.5
7.209999999999953 227.5
7.99999999999987 227.5
7.999999999999936 227.5
8.209999999999932 240.0
8.209999999999932 240.0
8.999999999999849 240.0
8.999999999999915 240.0
9.20999999999991 257.5
9.20999999999991 257.5
9.999999999999828 257.5
9.999999999999867 257.5
10.21 260.0
10.21 260.0
10.99999999999981 260.0
10.99999999999985 260.0
11.20999999999993 287.5
11.20999999999993 287.5
11.99999999999979 287.5
11.99999999999982 287.5
12.20999999999991 307.5
12.20999999999991 307.5
12.99999999999976 307.5
12.9999999999998 307.5
13.2099999999998 327.5
13.2099999999998 327.5
13.99999999999974 327.5
13.99999999999978 327.5
14.2099999999998 347.5
14.2099999999998 347.5
14.99999999999972 347.5
14.99999999999976 347.5
15.20999999999976 367.5
15.20999999999976 367.5
15.9999999999997 367.5
15.99999999999974 367.5
16.20999999999979 387.5
16.20999999999979 387.5
16.99999999999985 387.5
16.99999999999989 387.5
17.21000000000008 407.5
17.21000000000008 407.5
18.0 407.5
18.00000000000004 407.5
18.21000000000023 427.5
18.21000000000023 427.5
19.00000000000016 427.5
19.0000000000002 427.5
19.21000000000023 447.5
19.21000000000023 447.5
20.00000000000031 447.5
20.00000000000035 447.5
20.21000000000069 467.5
20.21000000000069 467.5
21.00000000000046 467.5
21.0000000000005 467.5
21.21000000000053 487.5
21.21000000000053 487.5
22.00000000000061 487.5
22.00000000000065 487.5
22.21000000000071 507.5
22.21000000000071 507.5
23.00000000000077 507.5
23.00000000000081 507.5
23.21000000000106 527.5
23.21000000000106 527.5
24.00000000000092 527.5
24.00000000000096 527.5
24.21000000000122 547.5
24.21000000000122 547.5
25.00000000000108 547.5
25.00000000000112 547.5
25.21000000000115 567.5
25.21000000000115 567.5
26.00000000000123 567.5
26.00000000000127 567.5
26.21000000000133 587.5
26.21000000000133 587.5
27.00000000000139 587.5
27.00000000000142 587.5
27.21000000000146 607.5
27.21000000000146 607.5
28.00000000000154 607.5
28.00000000000158 607.5
28.21000000000164 627.5
28.21000000000164 627.5
29.00000000000169 627.5
29.00000000000173 627.5
29.21000000000205 647.5
29.21000000000205 647.5
30.00000000000185 647.5
30.00000000000189 647.5
30.2100000000024 627.5
30.2100000000024 627.5
31.00000000000201 627.5
31.00000000000233 627.5
31.21000000000237 610.0
31.21000000000237 610.0
32.00000000000216 610.0
32.00000000000249 610.0
32.21000000000245 592.5
32.21000000000245 592.5
33.00000000000196 592.5
33.00000000000229 592.5
33.21000000000225 575.0
33.21000000000225 575.0
34.00000000000176 575.0
34.00000000000206 575.0
34.21000000000205 557.5
34.21000000000205 557.5
37.00000000000117 557.5
37.00000000000156 557.5
37.21000000000151 550.0
37.21000000000151 550.0
38.00000000000097 550.0
38.00000000000136 550.0
38.21000000000132 537.5
38.21000000000132 537.5
39.00000000000077 537.5
39.00000000000116 537.5
39.21000000000112 520.0
39.21000000000112 520.0
40.00000000000057 520.0
40.00000000000093 520.0
40.21000000000122 517.5
40.21000000000122 517.5
41.00000000000037 517.5
41.00000000000073 517.5
41.21336716177719 490.0
41.21336716177719 490.0
42.00000000000017 490.0
42.00000000000053 490.0
42.21336716177699 460.0
42.21336716177699 460.0
42.99999999999997 460.0
43.00000000000043 460.0
43.21336716177679 447.5
43.21336716177679 447.5
43.99999999999977 447.5
44.00000000000023 447.5
44.21336716177659 440.0
44.21336716177659 440.0
44.99999999999957 440.0
45.00000000000003 440.0
45.21336716177639 437.5
45.21336716177639 437.5
45.99999999999937 437.5
45.9999999999998 437.5
46.21336716177619 420.0
46.21336716177619 420.0
48.99999999999878 420.0
48.9999999999993 420.0
49.21336716177559 412.5
49.21336716177559 412.5
49.99999999999858 412.5
49.9999999999991 412.5
50.21336716177539 400.0
50.21336716177539 400.0
50.99999999999838 400.0
50.9999999999989 400.0
51.2133671617752 382.5
51.2133671617752 382.5
51.99999999999818 382.5
51.99999999999868 382.5
52.213367161775 380.0
52.213367161775 380.0
52.99999999999799 380.0
52.99999999999849 380.0
53.21336716177481 352.5
53.21336716177481 352.5
53.9999999999978 352.5
53.99999999999829 352.5
54.21336716177462 332.5
54.21336716177462 332.5
54.99999999999761 332.5
54.9999999999981 332.5
55.21336716177443 312.5
55.21336716177443 312.5
55.99999999999741 312.5
55.99999999999791 312.5
56.21336716177424 292.5
56.21336716177424 292.5
56.99999999999722 292.5
56.99999999999772 292.5
57.21336716177404 272.5
57.21336716177404 272.5
57.99999999999703 272.5
57.99999999999753 272.5
58.21336716177385 252.5
58.21336716177385 252.5
58.99999999999684 252.5
58.99999999999734 252.5
59.21336716177366 232.5
59.21336716177366 232.5
59.99999999999665 232.5
59.99999999999714 232.5
60.21336716177347 242.5
60.21336716177347 242.5
60.99999999999645 242.5
60.99999999999695 242.5
61.21336716177328 252.5
61.21336716177328 252.5
61.99999999999626 252.5
61.99999999999676 252.5
62.21336716177309 262.5
62.21336716177309 262.5
62.99999999999607 262.5
62.99999999999657 262.5
63.21336716177289 272.5
63.21336716177289 272.5
63.99999999999588 272.5
63.99999999999638 272.5
64.21336716177285 282.5
64.21336716177285 282.5
64.99999999999639 282.5
64.99999999999689 282.5
65.21336716177335 292.5
65.21336716177335 292.5
65.99999999999689 292.5
65.99999999999739 292.5
66.21336716177386 312.5
66.21336716177386 312.5
66.9999999999974 312.5
66.9999999999979 312.5
67.21336716177437 332.5
67.21336716177437 332.5
67.99999999999791 332.5
67.99999999999841 332.5
68.21336716177488 352.5
68.21336716177488 352.5
68.99999999999842 352.5
68.99999999999892 352.5
69.2133671617754 372.5
69.2133671617754 372.5
69.99999999999893 372.5
69.99999999999943 372.5
70.2133671617759 392.5
70.2133671617759 392.5
70.99999999999945 392.5
70.99999999999994 392.5
71.21336716177642 412.5
71.21336716177642 412.5
71.99999999999996 412.5
72.00000000000045 412.5
72.21336716177693 432.5
72.21336716177693 432.5
73.00000000000047 432.5
73.00000000000097 432.5
73.21336716177744 452.5
73.21336716177744 452.5
74.00000000000098 452.5
74.00000000000148 452.5
74.21336716177795 472.5
74.21336716177795 472.5
75.00000000000149 472.5
75.00000000000199 472.5
75.21336716177846 492.5
75.21336716177846 492.5
76.000000000002 492.5
76.0000000000025 492.5
76.21336716177898 512.5
76.21336716177898 512.5
77.00000000000252 512.5
77.00000000000301 512.5
77.21336716177947 532.5
77.21336716177947 532.5
78.00000000000301 532.5
78.00000000000351 532.5
78.21336716177998 552.5
78.21336716177998 552.5
79.00000000000352 552.5
79.00000000000402 552.5
79.2133671617805 572.5
79.2133671617805 572.5
80.00000000000404 572.5
80.00000000000453 572.5
80.213367161781 592.5
80.213367161781 592.5
81.00000000000453 592.5
81.00000000000503 592.5
81.2133671617815 612.5
81.2133671617815 612.5
82.00000000000504 612.5
82.00000000000554 612.5
82.21336716178202 632.5
82.21336716178202 632.5
83.00000000000556 632.5
83.00000000000605 632.5
83.21336716178253 652.5
83.21336716178253 652.5
84.00000000000607 652.5
84.00000000000657 652.5
84.21336716178304 672.5
84.21336716178304 672.5
85.00000000000658 672.5
85.00000000000708 672.5
85.21336716178355 692.5
85.21336716178355 692.5
86.00000000000709 692.5
86.00000000000759 692.5
86.21336716178406 712.5
86.21336716178406 712.5
87.0000000000076 712.5
87.0000000000081 712.5
87.21336716178457 732.5
87.21336716178457 732.5
88.00000000000811 732.5
88.00000000000861 732.5
88.21336716178509 752.5
88.21336716178509 752.5
89.00000000000863 752.5
89.00000000000912 752.5
89.2133671617856 772.5
89.2133671617856 772.5
90.00000000000914 772.5
90.00000000000963 772.5
90.21336716178611 792.5
90.21336716178611 792.5
91.00000000000965 792.5
91.00000000001015 792.5
91.21336716178662 812.5
91.21336716178662 812.5
92.00000000001016 812.5
92.00000000001066 812.5
92.21336716178713 832.5
92.21336716178713 832.5
93.00000000001067 832.5
93.00000000001117 832.5
93.21336716178764 852.5
93.21336716178764 852.5
94.00000000001118 852.5
94.00000000001168 852.5
94.21336716178816 872.5
94.21336716178816 872.5
95.0000000000117 872.5
95.0000000000122 872.5
95.21336716178867 892.5
95.21336716178867 892.5
96.00000000001221 892.5
96.0000000000127 892.5
96.21336716178918 882.5
96.21336716178918 882.5
97.00000000001272 882.5
97.00000000001322 882.5
97.21336716178969 872.5
97.21336716178969 872.5
98.00000000001323 872.5
98.00000000001373 872.5
98.2133671617902 862.5
98.2133671617902 862.5
99.00000000001374 862.5
99.00000000001424 862.5
99.21336716179071 852.5
99.21336716179071 852.5
100.0000000000143 852.5
100.0000000000148 852.5
100.2133671617912 842.5
100.2133671617912 842.5
101.0000000000148 842.5
101.0000000000152 842.5
101.2133671617917 832.5
101.2133671617917 832.5
102.0000000000153 832.5
102.0000000000158 832.5
102.2133671617922 812.5
102.2133671617922 812.5
103.0000000000158 812.5
103.0000000000163 812.5
103.2133671617927 792.5
103.2133671617927 792.5
104.0000000000163 792.5
104.0000000000168 792.5
104.2133671617933 772.5
104.2133671617933 772.5
105.0000000000168 772.5
105.0000000000173 772.5
105.2133671617938 752.5
105.2133671617938 752.5
106.0000000000173 752.5
106.0000000000178 752.5
106.2133671617943 732.5
106.2133671617943 732.5
107.0000000000178 732.5
107.0000000000183 732.5
107.2133671617948 712.5
107.2133671617948 712.5
108.0000000000183 712.5
108.0000000000188 712.5
108.2133671617953 722.5
108.2133671617953 722.5
109.0000000000188 722.5
109.0000000000193 722.5
109.2133671617958 732.5
109.2133671617958 732.5
110.0000000000194 732.5
110.0000000000199 732.5
110.2133671617963 742.5
110.2133671617963 742.5
111.0000000000199 742.5
111.0000000000204 742.5
111.2133671617968 752.5
111.2133671617968 752.5
112.0000000000204 752.5
112.0000000000209 752.5
112.2133671617974 762.5
112.2133671617974 762.5
113.0000000000209 762.5
113.0000000000214 762.5
113.2133671617978 772.5
113.2133671617978 772.5
114.0000000000214 772.5
114.0000000000219 772.5
114.2133671617984 792.5
114.2133671617984 792.5
115.0000000000219 792.5
115.0000000000224 792.5
115.2133671617989 812.5
115.2133671617989 812.5
116.0000000000224 812.5
116.0000000000229 812.5
116.2133671617994 832.5
116.2133671617994 832.5
117.0000000000229 832.5
117.0000000000234 832.5
117.2133671617999 852.5
117.2133671617999 852.5
118.0000000000234 852.5
118.0000000000239 852.5
118.2133671618004 872.5
118.2133671618004 872.5
119.0000000000239 872.5
119.0000000000244 872.5
119.2133671618009 892.5
119.2133671618009 892.5
120.0000000000245 892.5
120.000000000025 892.5
120.2133671618014 912.5
120.2133671618014 912.5
121.000000000025 912.5
121.0000000000255 912.5
121.2133671618019 932.5
121.2133671618019 932.5
122.0000000000255 932.5
122.000000000026 932.5
122.2133671618024 952.5
122.2133671618024 952.5
123.000000000026 952.5
123.0000000000265 952.5
123.2133671618029 972.5
123.2133671618029 972.5
124.0000000000265 972.5
124.000000000027 972.5
124.2133671618034 992.5
124.2133671618034 992.5
125.000000000027 992.5
125.0000000000275 992.5
125.2133671618039 1012.5
125.2133671618039 1012.5
126.0000000000275 1012.5
126.000000000028 1012.5
126.2133671618044 1032.5
126.2133671618044 1032.5
127.000000000028 1032.5
127.0000000000285 1032.5
127.2133671618049 1052.5
127.2133671618049 1052.5
128.0000000000285 1052.5
128.000000000029 1052.5
128.2133671618052 1072.5
128.2133671618052 1072.5
129.0000000000276 1072.5
129.0000000000281 1072.5
129.2133671618043 1092.5
129.2133671618043 1092.5
130.0000000000267 1092.5
130.0000000000272 1092.5
130.2133671618034 1112.5
130.2133671618034 1112.5
131.0000000000258 1112.5
131.0000000000263 1112.5
131.2133671618025 1132.5
131.2133671618025 1132.5
132.0000000000249 1132.5
132.0000000000254 1132.5
132.2133671618016 1152.5
132.2133671618016 1152.5
133.000000000024 1152.5
133.0000000000245 1152.5
133.2133671618006 1172.5
133.2133671618006 1172.5
134.0000000000231 1172.5
134.0000000000236 1172.5
134.2133671617998 1192.5
134.2133671617998 1192.5
135.0000000000222 1192.5
135.0000000000227 1192.5
135.2133671617989 1212.5
135.2133671617989 1212.5
136.0000000000213 1212.5
136.0000000000218 1212.5
136.213367161798 1232.5
136.213367161798 1232.5
137.0000000000204 1232.5
137.0000000000209 1232.5
137.2133671617971 1252.5
137.2133671617971 1252.5
138.0000000000195 1252.5
138.00000000002 1252.5
138.2133671617962 1272.5
138.2133671617962 1272.5
139.0000000000186 1272.5
139.0000000000191 1272.5
139.2133671617953 1292.5
139.2133671617953 1292.5
140.0000000000177 1292.5
140.0000000000182 1292.5
140.2133671617944 1312.5
140.2133671617944 1312.5
141.0000000000168 1312.5
141.0000000000173 1312.5
141.2133671617935 1332.5
141.2133671617935 1332.5
142.0000000000159 1332.5
142.0000000000164 1332.5
142.2133671617926 1352.5
142.2133671617926 1352.5
143.000000000015 1352.5
143.0000000000155 1352.5
143.2133671617917 1372.5
143.2133671617917 1372.5
144.0000000000141 1372.5
144.0000000000146 1372.5
144.2133671617908 1362.5
144.2133671617908 1362.5
145.0000000000132 1362.5
145.0000000000137 1362.5
145.2133671617899 1352.5
145.2133671617899 1352.5
146.0000000000123 1352.5
146.0000000000128 1352.5
146.213367161789 1342.5
146.213367161789 1342.5
147.0000000000115 1342.5
147.0000000000119 1342.5
147.2133671617881 1332.5
147.2133671617881 1332.5
148.0000000000105 1332.5
148.0000000000111 1332.5
148.2133671617872 1322.5
148.2133671617872 1322.5
149.0000000000097 1322.5
149.0000000000101 1322.5
149.2133671617863 1312.5
149.2133671617863 1312.5
150.0000000000088 1312.5
150.0000000000093 1312.5
150.2133671617854 1292.5
150.2133671617854 1292.5
151.0000000000078 1292.5
151.0000000000083 1292.5
151.2133671617845 1272.5
151.2133671617845 1272.5
152.0000000000069 1272.5
152.0000000000074 1272.5
152.2133671617836 1252.5
152.2133671617836 1252.5
153.0000000000061 1252.5
153.0000000000065 1252.5
153.2133671617827 1232.5
153.2133671617827 1232.5
154.0000000000051 1232.5
154.0000000000057 1232.5
154.2133671617818 1212.5
154.2133671617818 1212.5
155.0000000000043 1212.5
155.0000000000047 1212.5
155.2133671617809 1192.5
155.2133671617809 1192.5
156.0000000000033 1192.5
156.0000000000038 1192.5
156.21336716178 1172.5
156.21336716178 1172.5
157.0000000000024 1172.5
157.0000000000029 1172.5
157.2133671617791 1152.5
157.2133671617791 1152.5
158.0000000000015 1152.5
158.000000000002 1152.5
158.2133671617782 1132.5
158.2133671617782 1132.5
159.0000000000006 1132.5
159.0000000000011 1132.5
159.2133671617773 1112.5
159.2133671617773 1112.5
159.9999999999997 1112.5
160.0000000000002 1112.5
160.2133671617764 1092.5
160.2133671617764 1092.5
160.9999999999988 1092.5
160.9999999999993 1092.5
161.2133671617755 1072.5
161.2133671617755 1072.5
161.9999999999979 1072.5
161.9999999999984 1072.5
162.2133671617746 1042.5
162.2133671617746 1042.5
162.999999999997 1042.5
162.9999999999988 1042.5
163.2133671617737 1030.0
163.2133671617737 1030.0
163.9999999999961 1030.0
163.9999999999979 1030.0
164.2133671617728 1022.5
164.2133671617728 1022.5
164.9999999999953 1022.5
164.999999999997 1022.5
165.2133671617719 1020.0
165.2133671617719 1020.0
165.9999999999943 1020.0
165.9999999999961 1020.0
166.213367161771 1002.5
166.213367161771 1002.5
246.999999999921 1002.5
246.9999999999237 1002.5
247.2133671616977 995.0
247.2133671616977 995.0
247.9999999999201 995.0
247.9999999999228 995.0
248.2133671616968 982.5
248.2133671616968 982.5
248.9999999999192 982.5
248.9999999999219 982.5
249.2133671616959 965.0
249.2133671616959 965.0
249.9999999999183 965.0
249.9999999999209 965.0
250.213367161695 962.5
250.213367161695 962.5
250.9999999999174 962.5
250.99999999992 962.5
251.2133671616941 935.0
251.2133671616941 935.0
251.9999999999165 935.0
251.9999999999191 935.0
252.2133671616932 905.0
252.2133671616932 905.0
252.9999999999156 905.0
252.9999999999183 905.0
253.2133671616923 892.5
253.2133671616923 892.5
253.9999999999147 892.5
253.9999999999174 892.5
254.2133671616914 885.0
254.2133671616914 885.0
254.9999999999138 885.0
254.9999999999165 885.0
255.2133671616905 882.5
255.2133671616905 882.5
255.9999999999129 882.5
255.9999999999156 882.5
256.2133671616896 865.0
256.2133671616896 865.0
258.9999999999102 865.0
258.999999999913 865.0
259.2133671616868 857.5
259.2133671616868 857.5
259.9999999999093 857.5
259.9999999999121 857.5
260.213367161686 845.0
260.213367161686 845.0
260.9999999999084 845.0
260.9999999999112 845.0
261.2133671616851 827.5
261.2133671616851 827.5
261.9999999999075 827.5
261.9999999999103 827.5
262.2133671616842 825.0
262.2133671616842 825.0
262.9999999999067 825.0
262.9999999999094 825.0
263.2133671616833 797.5
263.2133671616833 797.5
263.9999999999058 797.5
263.9999999999085 797.5
264.2133671616825 767.5
264.2133671616825 767.5
264.9999999999049 767.5
264.9999999999077 767.5
265.2133671616816 755.0
265.2133671616816 755.0
265.999999999904 755.0
265.9999999999069 755.0
266.2133671616807 747.5
266.2133671616807 747.5
266.9999999999031 747.5
266.999999999906 747.5
267.2133671616798 745.0
267.2133671616798 745.0
267.9999999999022 745.0
267.9999999999051 745.0
268.2133671616789 727.5
268.2133671616789 727.5
270.9999999998996 727.5
270.9999999999025 727.5
271.2133671616763 720.0
271.2133671616763 720.0
271.9999999998987 720.0
271.9999999999017 720.0
272.2133671616754 707.5
272.2133671616754 707.5
272.9999999998979 707.5
272.9999999999008 707.5
273.2133671616745 690.0
273.2133671616745 690.0
273.9999999998969 690.0
273.9999999998998 690.0
274.2133671616736 687.5
274.2133671616736 687.5
274.999999999896 687.5
274.9999999998989 687.5
275.2133671616727 660.0
275.2133671616727 660.0
275.9999999998952 660.0
275.9999999998981 660.0
276.2133671616719 630.0
276.2133671616719 630.0
276.9999999998943 630.0
276.9999999998973 630.0
277.213367161671 617.5
277.213367161671 617.5
277.9999999998934 617.5
277.9999999998964 617.5
278.2133671616701 610.0
278.2133671616701 610.0
278.9999999998926 610.0
278.9999999998955 610.0
279.2133671616692 607.5
279.2133671616692 607.5
279.9999999998917 607.5
279.9999999998946 607.5
280.2133671616684 590.0
280.2133671616684 590.0
282.999999999889 590.0
282.9999999998921 590.0
283.2133671616657 582.5
283.2133671616657 582.5
283.9999999998881 582.5
283.9999999998912 582.5
284.2133671616648 570.0
284.2133671616648 570.0
284.9999999998873 570.0
284.9999999998903 570.0
285.2133671616639 552.5
285.2133671616639 552.5
285.9999999998864 552.5
285.9999999998894 552.5
286.213367161663 550.0
286.213367161663 550.0
286.9999999998855 550.0
286.9999999998885 550.0
287.2133671616622 522.5
287.2133671616622 522.5
287.9999999998846 522.5
287.9999999998876 522.5
288.2133671616613 492.5
288.2133671616613 492.5
288.9999999998838 492.5
288.9999999998869 492.5
289.2133671616605 480.0
289.2133671616605 480.0
289.9999999998829 480.0
289.999999999886 480.0
290.2133671616596 472.5
290.2133671616596 472.5
290.999999999882 472.5
290.9999999998851 472.5
291.2133671616587 470.0
291.2133671616587 470.0
291.9999999998811 470.0
291.9999999998843 470.0
292.2133671616579 452.5
292.2133671616579 452.5
294.9999999998785 452.5
294.9999999998817 452.5
295.2133671616551 445.0
295.2133671616551 445.0
295.9999999998776 445.0
295.9999999998807 445.0
296.2133671616542 432.5
296.2133671616542 432.5
296.9999999998766 432.5
296.9999999998798 432.5
297.2133671616533 415.0
297.2133671616533 415.0
297.9999999998757 415.0
297.9999999998789 415.0
298.2133671616525 412.5
298.2133671616525 412.5
298.9999999998749 412.5
298.999999999878 412.5
299.2133671616515 385.0
299.2133671616515 385.0
299.999999999874 385.0
299.9999999998772 385.0
300.2133671616507 355.0
300.2133671616507 355.0
300.9999999998731 355.0
300.9999999998764 355.0
301.2133671616498 342.5
301.2133671616498 342.5
301.9999999998722 342.5
301.9999999998755 342.5
302.2133671616489 335.0
302.2133671616489 335.0
302.9999999998713 335.0
302.9999999998745 335.0
303.213367161648 332.5
303.213367161648 332.5
303.9999999998704 332.5
303.9999999998736 332.5
304.2133671616471 315.0
304.2133671616471 315.0
306.9999999998678 315.0
306.9999999998711 315.0
307.2133671616444 307.5
307.2133671616444 307.5
307.9999999998669 307.5
307.9999999998702 307.5
308.2133671616436 295.0
308.2133671616436 295.0
308.999999999866 295.0
308.9999999998693 295.0
309.2133671616427 277.5
309.2133671616427 277.5
309.9999999998651 277.5
309.9999999998684 277.5
310.2133671616417 275.0
310.2133671616417 275.0
310.9999999998641 275.0
310.9999999998674 275.0
311.2133671616409 247.5
311.2133671616409 247.5
311.9999999998633 247.5
311.9999999998665 247.5
312.21336716164 217.5
312.21336716164 217.5
312.9999999998624 217.5
312.9999999998657 217.5
313.213367161639 205.0
313.213367161639 205.0
313.9999999998615 205.0
313.9999999998648 205.0
314.2133671616381 197.5
314.2133671616381 197.5
314.9999999998606 197.5
314.9999999998639 197.5
315.2133671616372 195.0
315.2133671616372 195.0
315.9999999998597 195.0
315.999999999863 195.0
316.2133671616363 177.5
316.2133671616363 177.5
318.9999999998569 177.5
318.9999999998603 177.5
319.2133671616335 180.0
319.2133671616335 180.0
319.999999999856 180.0
319.9999999998594 180.0
320.2133671616326 182.5
320.2133671616326 182.5
320.999999999855 182.5
320.9999999998585 182.5
321.2133671616317 185.0
321.2133671616317 185.0
321.9999999998541 185.0
321.9999999998575 185.0
322.2133671616307 187.5
322.2133671616307 187.5
322.9999999998532 187.5
322.9999999998566 187.5
323.2133671616299 197.5
323.2133671616299 197.5
323.9999999998523 197.5
323.9999999998557 197.5
324.213367161629 217.5
324.213367161629 217.5
324.9999999998514 217.5
324.9999999998549 217.5
325.2133671616281 235.0
325.2133671616281 235.0
325.9999999998506 235.0
325.999999999854 235.0
326.2133671616272 252.5
326.2133671616272 252.5
326.9999999998496 252.5
326.9999999998532 252.5
327.2133671616264 270.0
327.2133671616264 270.0
327.9999999998488 270.0
327.9999999998523 270.0
328.2133671616255 287.5
328.2133671616255 287.5
330.999999999846 287.5
330.9999999998496 287.5
331.2133671616227 295.0
331.2133671616227 295.0
331.9999999998451 295.0
331.9999999998486 295.0
332.2133671616217 307.5
332.2133671616217 307.5
332.9999999998441 307.5
332.9999999998477 307.5
333.2133671616208 325.0
333.2133671616208 325.0
333.9999999998432 325.0
333.9999999998468 325.0
334.2133671616199 327.5
334.2133671616199 327.5
334.9999999998423 327.5
334.9999999998458 327.5
335.213367161619 355.0
335.213367161619 355.0
335.9999999998414 355.0
335.9999999998449 355.0
336.2133671616181 385.0
336.2133671616181 385.0
336.9999999998405 385.0
336.9999999998441 385.0
337.2133671616172 397.5
337.2133671616172 397.5
337.9999999998396 397.5
337.9999999998432 397.5
338.2133671616162 405.0
338.2133671616162 405.0
338.9999999998386 405.0
338.9999999998423 405.0
339.2133671616153 407.5
339.2133671616153 407.5
339.9999999998377 407.5
339.9999999998413 407.5
340.2133671616144 425.0
340.2133671616144 425.0
342.999999999835 425.0
342.9999999998387 425.0
343.2133671616116 432.5
343.2133671616116 432.5
343.9999999998341 432.5
343.9999999998378 432.5
344.2133671616107 445.0
344.2133671616107 445.0
344.9999999998332 445.0
344.9999999998369 445.0
345.2133671616098 462.5
345.2133671616098 462.5
345.9999999998323 462.5
345.9999999998359 462.5
346.2133671616089 465.0
346.2133671616089 465.0
346.9999999998313 465.0
346.999999999835 465.0
347.2133671616081 492.5
347.2133671616081 492.5
347.9999999998305 492.5
347.9999999998341 492.5
348.2133671616072 522.5
348.2133671616072 522.5
348.9999999998296 522.5
348.9999999998333 522.5
349.2133671616062 535.0
349.2133671616062 535.0
349.9999999998287 535.0
349.9999999998324 535.0
350.2133671616053 542.5
350.2133671616053 542.5
350.9999999998278 542.5
350.9999999998315 542.5
351.2133671616044 545.0
351.2133671616044 545.0
351.9999999998269 545.0
351.9999999998305 545.0
352.2133671616035 562.5
352.2133671616035 562.5
354.9999999998241 562.5
354.9999999998279 562.5
355.2133671616007 570.0
355.2133671616007 570.0
355.9999999998232 570.0
355.999999999827 570.0
356.2133671615998 582.5
356.2133671615998 582.5
356.9999999998223 582.5
356.9999999998261 582.5
357.2133671615989 600.0
357.2133671615989 600.0
357.9999999998213 600.0
357.9999999998251 600.0
358.2133671615979 602.5
358.2133671615979 602.5
358.9999999998204 602.5
358.9999999998242 602.5
359.2133671615971 630.0
359.2133671615971 630.0
359.9999999998195 630.0
359.9999999998233 630.0
360.2133671615962 660.0
360.2133671615962 660.0
360.9999999998186 660.0
360.9999999998225 660.0
361.2133671615953 672.5
361.2133671615953 672.5
361.9999999998177 672.5
361.9999999998216 672.5
362.2133671615944 680.0
362.2133671615944 680.0
362.9999999998168 680.0
362.9999999998207 680.0
363.2133671615935 682.5
363.2133671615935 682.5
363.9999999998159 682.5
363.9999999998197 682.5
364.2133671615925 700.0
364.2133671615925 700.0
366.9999999998132 700.0
366.9999999998172 700.0
367.2133671615899 707.5
367.2133671615899 707.5
367.9999999998124 707.5
367.9999999998163 707.5
368.213367161589 720.0
368.213367161589 720.0
368.9999999998115 720.0
368.9999999998154 720.0
369.2133671615882 737.5
369.2133671615882 737.5
369.9999999998106 737.5
369.9999999998145 737.5
370.2133671615873 740.0
370.2133671615873 740.0
370.9999999998097 740.0
370.9999999998136 740.0
371.2133671615863 767.5
371.2133671615863 767.5
371.9999999998088 767.5
371.9999999998127 767.5
372.2133671615854 797.5
372.2133671615854 797.5
372.9999999998079 797.5
372.9999999998119 797.5
373.2133671615845 810.0
373.2133671615845 810.0
373.999999999807 810.0
373.9999999998109 810.0
374.2133671615836 817.5
374.2133671615836 817.5
374.999999999806 817.5
374.99999999981 817.5
375.2133671615827 820.0
375.2133671615827 820.0
375.9999999998051 820.0
375.9999999998091 820.0
376.2133671615817 837.5
376.2133671615817 837.5
378.9999999998024 837.5
378.9999999998064 837.5
379.213367161579 845.0
379.213367161579 845.0
379.9999999998014 845.0
379.9999999998055 845.0
380.2133671615781 857.5
380.2133671615781 857.5
380.9999999998005 857.5
380.9999999998046 857.5
381.2133671615772 875.0
381.2133671615772 875.0
381.9999999997996 875.0
381.9999999998037 875.0
382.2133671615763 877.5
382.2133671615763 877.5
382.9999999997987 877.5
382.9999999998028 877.5
383.2133671615754 905.0
383.2133671615754 905.0
383.9999999997978 905.0
383.9999999998018 905.0
384.2133671615745 935.0
384.2133671615745 935.0
384.9999999997969 935.0
384.999999999801 935.0
385.2133671615736 947.5
385.2133671615736 947.5
385.999999999796 947.5
385.9999999998001 947.5
386.2133671615726 955.0
386.2133671615726 955.0
386.9999999997951 955.0
386.9999999997992 955.0
387.2133671615717 957.5
387.2133671615717 957.5
387.9999999997942 957.5
387.9999999997983 957.5
388.2133671615708 975.0
388.2133671615708 975.0
390.9999999997914 975.0
390.9999999997956 975.0
391.2133671615681 982.5
391.2133671615681 982.5
391.9999999997905 982.5
391.9999999997947 982.5
392.2133671615672 995.0
392.2133671615672 995.0
392.9999999997896 995.0
392.9999999997938 995.0
393.2133671615663 1012.5
393.2133671615663 1012.5
393.9999999997887 1012.5
393.9999999997929 1012.5
394.2133671615653 1015.0
394.2133671615653 1015.0
394.9999999997877 1015.0
394.999999999792 1015.0
395.2133671615645 1042.5
395.2133671615645 1042.5
395.9999999997869 1042.5
395.999999999791 1042.5
396.2133671615636 1072.5
396.2133671615636 1072.5
396.999999999786 1072.5
396.9999999997902 1072.5
397.2133671615626 1085.0
397.2133671615626 1085.0
397.9999999997851 1085.0
397.9999999997893 1085.0
398.2133671615617 1092.5
398.2133671615617 1092.5
398.9999999997842 1092.5
398.9999999997884 1092.5
399.2133671615608 1095.0
399.2133671615608 1095.0
399.9999999997833 1095.0
399.9999999997875 1095.0
400.2133671615599 1112.5
400.2133671615599 1112.5
402.9999999997805 1112.5
402.9999999997848 1112.5
403.2133671615572 1120.0
403.2133671615572 1120.0
403.9999999997796 1120.0
403.9999999997839 1120.0
404.2133671615563 1132.5
404.2133671615563 1132.5
404.9999999997787 1132.5
404.999999999783 1132.5
405.2133671615554 1150.0
405.2133671615554 1150.0
405.9999999997778 1150.0
405.9999999997821 1150.0
406.2133671615545 1152.5
406.2133671615545 1152.5
406.9999999997769 1152.5
406.9999999997812 1152.5
407.2133671615536 1180.0
407.2133671615536 1180.0
407.999999999776 1180.0
407.9999999997804 1180.0
408.2133671615528 1200.0
408.2133671615528 1200.0
408.9999999997752 1200.0
408.9999999997795 1200.0
409.2133671615518 1220.0
409.2133671615518 1220.0
409.9999999997743 1220.0
409.9999999997786 1220.0
410.2133671615509 1240.0
410.2133671615509 1240.0
410.9999999997734 1240.0
410.9999999997777 1240.0
411.21336716155 1260.0
411.21336716155 1260.0
411.9999999997725 1260.0
411.9999999997768 1260.0
412.2133671615491 1280.0
412.2133671615491 1280.0
412.9999999997715 1280.0
412.9999999997759 1280.0
413.2133671615482 1300.0
413.2133671615482 1300.0
415.9999999997688 1300.000000000898
415.9999999997731 1300.000000001347
418.9999999997661 1300.000000002245
418.9999999997706 1300.000000002694
420.9999999997643 1300.000000003592
420.9999999997686 1300.00000000449
422.9999999997625 1300.000000005388
422.9999999997668 1300.000000006286
424.9999999997606 1300.000000007184
424.9999999997652 1300.000000008082
425.9999999997601 1300.000000008082
425.9999999997643 1300.00000000898
429.9999999997565 1300.000000010439
429.9999999997635 1300.000000011225
432.999999999758 1300.000000011225
432.999999999758 1300.000000011562
434.9999999997562 1300.000000012123
434.9999999997562 1300.000000012909
436.9999999997543 1300.000000013021
439.9999999997474 1300.000000015154
439.9999999997546 1300.000000015603
442.9999999997489 1300.000000016501
442.999999999749 1300.00000001695
444.9999999997471 1300.000000017848
444.9999999997471 1300.000000018746
446.9999999997452 1300.000000019644
446.9999999997452 1300.000000020542
448.9999999997434 1300.00000002144
448.9999999997436 1300.000000022337
450.9999999997416 1300.000000023236
450.9999999997416 1300.000000024133
452.9999999997397 1300.000000025031
452.9999999997397 1300.000000025929
454.9999999997378 1300.000000026827
454.9999999997381 1300.000000027725
455.9999999997327 1300.000000027725
455.9999999997369 1300.000000027725
456.2133671615089 1290.000000027725
456.2133671615089 1290.000000027725
456.999999999736 1290.000000027725
457.213367161508 1280.000000027725
457.213367161508 1280.000000027725
457.9999999997308 1280.000000027725
457.9999999997351 1280.000000027725
458.2133671615071 1270.000000027725
458.2133671615071 1270.000000027725
458.9999999997341 1270.000000027725
459.2133671615061 1260.000000027725
459.2133671615061 1260.000000027725
459.9999999997289 1260.000000027725
459.9999999997332 1260.000000027725
460.2133671615052 1250.000000027725
460.2133671615052 1250.000000027725
460.9999999997323 1250.000000027725
461.2133671615043 1240.000000027725
461.2133671615043 1240.000000027725
461.9999999997271 1240.000000027725
461.9999999997314 1240.000000027725
462.2133671615034 1220.000000027725
462.2133671615034 1220.000000027725
462.9999999997304 1220.000000027725
463.2133671615024 1200.000000027725
463.2133671615024 1200.000000027725
463.9999999997252 1200.000000027725
463.9999999997295 1200.000000027725
464.2133671615015 1180.000000027725
464.2133671615015 1180.000000027725
464.9999999997285 1180.000000027725
465.2133671615005 1160.000000027725
465.2133671615005 1160.000000027725
465.9999999997233 1160.000000027725
465.9999999997276 1160.000000027725
466.2133671614996 1140.000000027725
466.2133671614996 1140.000000027725
466.9999999997266 1140.000000027725
467.2133671614986 1120.000000027725
467.2133671614986 1120.000000027725
467.9999999997215 1120.000000027725
467.9999999997257 1120.000000027725
468.2133671614977 1100.000000027725
468.2133671614977 1100.000000027725
468.9999999997248 1100.000000027725
469.2133671614968 1080.000000027725
469.2133671614968 1080.000000027725
469.9999999997196 1080.000000027725
469.9999999997239 1080.000000027725
470.2133671614959 1060.000000027725
470.2133671614959 1060.000000027725
470.9999999997229 1060.000000027725
471.2133671614949 1040.000000027725
471.2133671614949 1040.000000027725
471.9999999997178 1040.000000027725
471.999999999722 1040.000000027725
472.213367161494 1020.000000027725
472.213367161494 1020.000000027725
472.9999999997211 1020.000000027725
473.2133671614931 1000.000000027725
473.2133671614931 1000.000000027725
473.9999999997159 1000.000000027725
473.9999999997202 1000.000000027725
474.2133671614922 980.000000027725
474.2133671614922 980.000000027725
474.9999999997192 980.000000027725
475.2133671614912 960.000000027725
475.2133671614912 960.000000027725
475.999999999714 960.000000027725
475.9999999997183 960.000000027725
476.2133671614903 940.000000027725
476.2133671614903 940.000000027725
476.9999999997173 940.000000027725
477.2133671614893 920.000000027725
477.2133671614893 920.000000027725
477.9999999997121 920.000000027725
477.9999999997164 920.000000027725
478.2133671614884 900.000000027725
478.2133671614884 900.000000027725
478.9999999997154 900.000000027725
479.2133671614875 880.000000027725
479.2133671614875 880.000000027725
479.9999999997103 880.000000027725
479.9999999997146 880.000000027725
480.2133671614866 890.000000027725
480.2133671614866 890.000000027725
480.9999999997136 890.000000027725
481.2133671614856 900.000000027725
481.2133671614856 900.000000027725
481.9999999997085 900.000000027725
481.9999999997127 900.000000027725
482.2133671614847 910.000000027725
482.2133671614847 910.000000027725
482.9999999997117 910.000000027725
483.2133671614837 920.000000027725
483.2133671614837 920.000000027725
483.9999999997066 920.000000027725
483.9999999997108 920.000000027725
484.2133671614828 930.000000027725
484.2133671614828 930.000000027725
484.9999999997099 930.000000027725
485.2133671614819 940.000000027725
485.2133671614819 940.000000027725
485.9999999997048 940.000000027725
485.999999999709 940.000000027725
486.2133671614811 960.000000027725
486.2133671614811 960.000000027725
486.9999999997081 960.000000027725
487.2133671614801 980.000000027725
487.2133671614801 980.000000027725
487.9999999997029 980.000000027725
487.9999999997072 980.000000027725
488.2133671614792 1000.000000027725
488.2133671614792 1000.000000027725
488.9999999997062 1000.000000027725
489.2133671614782 1020.000000027725
489.2133671614782 1020.000000027725
489.9999999997011 1020.000000027725
489.9999999997053 1020.000000027725
490.2133671614774 1040.000000027725
490.2133671614774 1040.000000027725
490.9999999997044 1040.000000027725
491.2133671614765 1060.000000027725
491.2133671614765 1060.000000027725
491.9999999996993 1060.000000027725
491.9999999997036 1060.000000027725
492.2133671614756 1080.000000027725
492.2133671614756 1080.000000027725
492.9999999997027 1080.000000027725
493.2133671614747 1100.000000027725
493.2133671614747 1100.000000027725
493.9999999996975 1100.000000027725
493.9999999997017 1100.000000027725
494.2133671614737 1120.000000027725
494.2133671614737 1120.000000027725
494.9999999997008 1120.000000027725
495.2133671614728 1140.000000027725
495.2133671614728 1140.000000027725
495.9999999996956 1140.000000027725
495.9999999996999 1140.000000027725
496.2133671614719 1160.000000027725
496.2133671614719 1160.000000027725
496.9999999996989 1160.000000027725
497.213367161471 1180.000000027725
497.213367161471 1180.000000027725
497.9999999996938 1180.000000027725
497.999999999698 1180.000000027725
498.2133671614701 1200.000000027725
498.2133671614701 1200.000000027725
498.9999999996971 1200.000000027725
499.2133671614691 1220.000000027725
499.2133671614691 1220.000000027725
499.999999999692 1220.000000027725
499.9999999996962 1220.000000027725
500.2133671614683 1240.000000027725
500.2133671614683 1240.000000027725
500.9999999996953 1240.000000027725
501.2133671614673 1260.000000027725
501.2133671614673 1260.000000027725
501.9999999996901 1260.000000027725
501.9999999996944 1260.000000027725
502.2133671614664 1280.000000027725
502.2133671614664 1280.000000027725
502.9999999996934 1280.000000027725
503.2133671614654 1300.000000027725
503.2133671614654 1300.000000027725
505.9999999996864 1300.000000028623
505.9999999996907 1300.000000029072
508.9999999996878 1300.00000002997
508.9999999996887 1300.000000030419
509.9999999996826 1300.000000030419
509.9999999996878 1300.000000031317
513.9999999996793 1300.000000032777
513.9999999996844 1300.000000033562
900.0099999993595 1300.000000033562
# robPositionY #1
0.0 0.0
0.0 0.0
0.21 300.0
0.21 300.0
30.00000000000185 300.0
30.00000000000218 299.999999999102
31.00000000000201 299.9999999982041
31.00000000000233 299.9999999982041
32.00000000000216 299.9999999966327
32.00000000000249 299.9999999966327
33.00000000000196 299.9999999950613
33.00000000000229 299.9999999950613
34.00000000000176 299.99999999349
34.00000000000206 299.99999999349
37.00000000000117 299.9999999919186
37.00000000000156 299.9999999912451
38.00000000000097 299.9999999912451
38.00000000000136 299.9999999912451
39.00000000000077 299.9999999901227
39.00000000000116 299.9999999901227
41.00000000000037 299.9999999883269
41.00000000000073 299.9999999883269
42.00000000000017 299.9999999858575
42.00000000000053 299.9999999858575
42.99999999999997 299.9999999831637
43.00000000000043 299.9999999831637
45.99999999999937 299.9999999811434
45.9999999999998 299.9999999811434
48.99999999999878 299.999999979572
48.9999999999993 299.9999999788986
49.99999999999858 299.9999999788986
49.9999999999991 299.9999999788986
50.99999999999838 299.9999999777762
50.9999999999989 299.9999999777762
52.99999999999799 299.9999999759803
52.99999999999849 299.9999999759803
53.9999999999978 299.999999973511
53.99999999999829 299.999999973511
54.99999999999761 299.9999999717151
54.9999999999981 299.9999999717151
55.99999999999741 299.9999999699193
55.99999999999791 299.9999999699193
56.99999999999722 299.9999999681234
56.99999999999772 299.9999999681234
57.99999999999703 299.9999999663276
57.99999999999753 299.9999999663276
58.99999999999684 299.9999999645316
58.99999999999734 299.9999999645316
96.00000000001221 299.9999999627358
96.00000000001324 299.9999999618378
98.00000000001323 299.9999999609399
98.00000000001373 299.9999999600419
100.0000000000143 299.999999959144
100.000000000016 299.999999958246
102.0000000000153 299.9999999573481
102.0000000000158 299.9999999573481
103.0000000000158 299.9999999555522
103.0000000000163 299.9999999555522
104.0000000000163 299.9999999537563
104.0000000000168 299.9999999537563
105.0000000000168 299.9999999519605
105.0000000000173 299.9999999519605
106.0000000000173 299.9999999501646
106.0000000000178 299.9999999501646
107.0000000000178 299.9999999483688
107.0000000000183 299.9999999483688
144.0000000000141 299.9999999465729
144.0000000000157 299.9999999456749
146.0000000000123 299.999999944777
146.0000000000128 299.999999943879
148.0000000000105 299.999999942981
148.0000000000111 299.9999999420831
150.0000000000088 299.9999999411851
150.0000000000093 299.9999999411851
151.0000000000078 299.9999999393893
151.0000000000083 299.9999999393893
152.0000000000069 299.9999999375934
152.0000000000074 299.9999999375934
153.0000000000061 299.9999999357976
153.0000000000065 299.9999999357976
154.0000000000051 299.9999999340017
154.0000000000057 299.9999999340017
155.0000000000043 299.9999999322059
155.0000000000047 299.9999999322059
156.0000000000033 299.99999993041
156.0000000000038 299.99999993041
157.0000000000024 299.9999999286141
157.0000000000029 299.9999999286141
158.0000000000015 299.9999999268182
158.000000000002 299.9999999268182
159.0000000000006 299.9999999250224
159.0000000000011 299.9999999250224
159.9999999999997 299.9999999232265
160.0000000000002 299.9999999232265
160.9999999999988 299.9999999214307
160.9999999999993 299.9999999214307
161.9999999999979 299.9999999196348
161.9999999999984 299.9999999196348
162.999999999997 299.999999916941
162.9999999999988 299.999999916941
165.9999999999943 299.9999999149206
165.9999999999961 299.9999999149206
246.999999999921 299.9999999133493
246.9999999999237 299.9999999126758
247.9999999999201 299.9999999126758
247.9999999999228 299.9999999126758
248.9999999999192 299.9999999115534
248.9999999999219 299.9999999115534
250.9999999999174 299.9999999097575
250.99999999992 299.9999999097575
251.9999999999165 299.9999999072882
251.9999999999191 299.9999999072882
252.9999999999156 299.9999999045944
252.9999999999183 299.9999999045944
255.9999999999129 299.9999999025741
255.9999999999156 299.9999999025741
258.9999999999102 299.9999999010027
258.999999999913 299.9999999003293
259.9999999999093 299.9999999003293
259.9999999999121 299.9999999003293
260.9999999999084 299.9999998992068
260.9999999999112 299.9999998992068
262.9999999999067 299.999999897411
262.9999999999094 299.999999897411
263.9999999999058 299.9999998949417
263.9999999999085 299.9999998949417
264.9999999999049 299.9999998922478
264.9999999999077 299.9999998922478
267.9999999999022 299.9999998902275
267.9999999999051 299.9999998902275
270.9999999998996 299.9999998886561
270.9999999999025 299.9999998879827
271.9999999998987 299.9999998879827
271.9999999999017 299.9999998879827
272.9999999998979 299.9999998868603
272.9999999999008 299.9999998868603
274.999999999896 299.9999998850644
274.9999999998989 299.9999998850644
275.9999999998952 299.9999998825951
275.9999999998981 299.9999998825951
276.9999999998943 299.9999998799013
276.9999999998973 299.9999998799013
279.9999999998917 299.999999877881
279.9999999998946 299.999999877881
282.999999999889 299.9999998763096
282.9999999998921 299.9999998756361
283.9999999998881 299.9999998756361
283.9999999998912 299.9999998756361
284.9999999998873 299.9999998745137
284.9999999998903 299.9999998745137
286.9999999998855 299.9999998727179
286.9999999998885 299.9999998727179
287.9999999998846 299.9999998702485
287.9999999998876 299.9999998702485
288.9999999998838 299.9999998675547
288.9999999998869 299.9999998675547
291.9999999998811 299.9999998655344
291.9999999998843 299.9999998655344
294.9999999998785 299.999999863963
294.9999999998817 299.9999998632896
295.9999999998776 299.9999998632896
295.9999999998807 299.9999998632896
296.9999999998766 299.9999998621672
296.9999999998798 299.9999998621672
298.9999999998749 299.9999998603713
298.999999999878 299.9999998603713
299.999999999874 299.999999857902
299.9999999998772 299.999999857902
300.9999999998731 299.9999998552082
300.9999999998764 299.9999998552082
303.9999999998704 299.9999998531878
303.9999999998736 299.9999998531878
306.9999999998678 299.9999998516165
306.9999999998711 299.999999850943
307.9999999998669 299.999999850943
307.9999999998702 299.999999850943
308.999999999866 299.9999998498206
308.9999999998693 299.9999998498206
310.9999999998641 299.9999998480247
310.9999999998674 299.9999998480247
311.9999999998633 299.9999998455554
311.9999999998665 299.9999998455554
312.9999999998624 299.9999998428616
312.9999999998657 299.9999998428616
315.9999999998597 299.9999998408413
315.999999999863 299.9999998408413
413.9999999997706 299.9999998392699
413.999999999775 299.9999998392699
414.2133671615473 309.9999998392699
414.2133671615473 309.9999998392699
414.9999999997697 309.9999998392699
414.999999999774 309.9999998392699
415.2133671615464 319.9999998392699
415.2133671615464 319.9999998392699
415.9999999997688 319.9999998392699
415.9999999997731 319.9999998392699
416.2133671615455 329.9999998392699
416.2133671615455 329.9999998392699
416.9999999997679 329.9999998392699
416.9999999997722 329.9999998392699
417.2133671615446 339.9999998392699
417.2133671615446 339.9999998392699
417.999999999767 339.9999998392699
417.9999999997713 339.9999998392699
418.2133671615437 349.9999998392699
418.2133671615437 349.9999998392699
418.9999999997661 349.9999998392699
418.9999999997704 349.9999998392699
419.2133671615427 359.9999998392699
419.2133671615427 359.9999998392699
419.9999999997652 359.9999998392699
419.9999999997695 359.9999998392699
420.2133671615418 379.9999998392699
420.2133671615418 379.9999998392699
420.9999999997643 379.9999998392699
420.9999999997686 379.9999998392699
421.2133671615409 399.9999998392699
421.2133671615409 399.9999998392699
421.9999999997634 399.9999998392699
421.9999999997677 399.9999998392699
422.21336716154 419.9999998392699
422.21336716154 419.9999998392699
422.9999999997625 419.9999998392699
422.9999999997668 419.9999998392699
423.2133671615391 439.9999998392699
423.2133671615391 439.9999998392699
423.9999999997615 439.9999998392699
423.9999999997659 439.9999998392699
424.2133671615382 459.9999998392699
424.2133671615382 459.9999998392699
424.9999999997606 459.9999998392699
424.999999999765 459.9999998392699
425.2133671615373 479.9999998392699
425.2133671615373 479.9999998392699
425.9999999997601 479.9999998392699
425.999999999764 479.9999998392699
426.2133671615364 509.9999998392699
426.2133671615364 509.9999998392699
426.9999999997634 509.9999998392699
427.2133671615355 522.4999998392699
427.2133671615355 522.4999998392699
427.9999999997583 522.4999998392699
427.9999999997625 522.4999998392699
428.2133671615346 529.9999998392699
428.2133671615346 529.9999998392699
428.9999999997616 529.9999998392699
429.2133671615337 532.4999998392699
429.2133671615337 532.4999998392699
429.9999999997565 532.4999998392699
429.9999999997606 532.4999998392699
430.2133671615327 549.9999998392699
430.2133671615327 549.9999998392699
432.999999999758 549.9999998392699
433.21336716153 557.4999998392699
433.21336716153 557.4999998392699
433.9999999997528 557.4999998392699
433.9999999997571 557.4999998392699
434.2133671615291 569.9999998392699
434.2133671615291 569.9999998392699
434.9999999997562 569.9999998392699
435.2133671615282 587.4999998392699
435.2133671615282 587.4999998392699
435.999999999751 587.4999998392699
435.9999999997553 587.4999998392699
436.2133671615273 589.9999998392699
436.2133671615273 589.9999998392699
436.9999999997543 589.9999998392699
437.2133671615264 617.4999998392699
437.2133671615264 617.4999998392699
437.9999999997492 617.4999998392699
437.9999999997535 617.4999998392699
438.2133671615255 607.4999998392699
438.2133671615255 607.4999998392699
438.9999999997526 607.4999998392699
439.2133671615246 597.4999998392699
439.2133671615246 597.4999998392699
439.9999999997474 597.4999998392699
439.9999999997517 597.4999998392699
440.2133671615237 587.4999998392699
440.2133671615237 587.4999998392699
440.9999999997507 587.4999998392699
441.2133671615227 577.4999998392699
441.2133671615227 577.4999998392699
441.9999999997456 577.4999998392699
441.9999999997498 577.4999998392699
442.2133671615218 567.4999998392699
442.2133671615218 567.4999998392699
442.9999999997489 567.4999998392699
443.2133671615209 557.4999998392699
443.2133671615209 557.4999998392699
443.9999999997437 557.4999998392699
443.999999999748 557.4999998392699
444.2133671615201 537.4999998392699
444.2133671615201 537.4999998392699
444.9999999997471 537.4999998392699
445.2133671615191 517.4999998392699
445.2133671615191 517.4999998392699
445.9999999997419 517.4999998392699
445.9999999997462 517.4999998392699
446.2133671615182 497.4999998392699
446.2133671615182 497.4999998392699
446.9999999997452 497.4999998392699
447.2133671615172 477.4999998392699
447.2133671615172 477.4999998392699
447.9999999997401 477.4999998392699
447.9999999997443 477.4999998392699
448.2133671615163 457.4999998392699
448.2133671615163 457.4999998392699
448.9999999997434 457.4999998392699
449.2133671615154 437.4999998392699
449.2133671615154 437.4999998392699
449.9999999997382 437.4999998392699
449.9999999997425 437.4999998392699
450.2133671615146 417.4999998392699
450.2133671615146 417.4999998392699
450.9999999997416 417.4999998392699
451.2133671615136 397.4999998392699
451.2133671615136 397.4999998392699
451.9999999997364 397.4999998392699
451.9999999997407 397.4999998392699
452.2133671615127 377.4999998392699
452.2133671615127 377.4999998392699
452.9999999997397 377.4999998392699
453.2133671615117 357.4999998392699
453.2133671615117 357.4999998392699
453.9999999997345 357.4999998392699
453.9999999997388 357.4999998392699
454.2133671615108 337.4999998392699
454.2133671615108 337.4999998392699
454.9999999997378 337.4999998392699
455.2133671615098 317.4999998392699
455.2133671615098 317.4999998392699
456.999999999736 317.4999998383719
456.999999999736 317.499999837474
458.9999999997341 317.499999836576
458.9999999997341 317.4999998356781
460.9999999997323 317.4999998347801
460.9999999997326 317.4999998338822
461.9999999997271 317.4999998338822
461.9999999997314 317.4999998338822
462.9999999997304 317.4999998320863
463.9999999997252 317.4999998302904
463.9999999997295 317.4999998302904
464.9999999997285 317.4999998284946
465.9999999997233 317.4999998266987
465.9999999997276 317.4999998266987
466.9999999997266 317.4999998249029
467.9999999997215 317.499999823107
467.9999999997257 317.499999823107
468.9999999997248 317.4999998213111
469.9999999997196 317.4999998195153
469.9999999997239 317.4999998195153
470.9999999997229 317.4999998177194
471.9999999997178 317.4999998159236
471.999999999722 317.4999998159236
472.9999999997211 317.4999998141277
473.9999999997159 317.4999998123318
473.9999999997202 317.4999998123318
474.9999999997192 317.4999998105359
475.999999999714 317.4999998087401
475.9999999997183 317.4999998087401
476.9999999997173 317.4999998069442
477.9999999997121 317.4999998051484
477.9999999997164 317.4999998051484
478.9999999997154 317.4999998033525
503.9999999996883 317.4999998015566
503.9999999996925 317.4999998015566
504.2133671614645 307.4999998015566
504.2133671614645 307.4999998015566
504.9999999996916 307.4999998015566
505.2133671614636 297.4999998015566
505.2133671614636 297.4999998015566
505.9999999996864 297.4999998015566
505.9999999996907 297.4999998015566
506.2133671614627 287.4999998015566
506.2133671614627 287.4999998015566
506.9999999996897 287.4999998015566
507.2133671614617 277.4999998015566
507.2133671614617 277.4999998015566
507.9999999996845 277.4999998015566
507.9999999996888 277.4999998015566
508.2133671614608 267.4999998015566
508.2133671614608 267.4999998015566
508.9999999996878 267.4999998015566
509.2133671614598 257.4999998015566
509.2133671614598 257.4999998015566
509.9999999996826 257.4999998015566
509.9999999996869 257.4999998015566
510.213367161459 227.4999998015566
510.213367161459 227.4999998015566
510.9999999996868 227.4999998015566
511.213367161458 214.9999998015566
511.213367161458 214.9999998015566
511.9999999996808 214.9999998015566
511.9999999996859 214.9999998015566
512.2128185910959 207.4999998015566
512.2128185910959 207.4999998015566
512.9999999996852 207.4999998015566
513.2133671614564 204.9999998015566
513.2133671614564 204.9999998015566
513.9999999996793 204.9999998015566
513.9999999996844 204.9999998015566
514.2133671614556 187.4999998015566
514.2133671614556 187.4999998015566
900.0099999993595 187.4999998015566
# humanFatigue[0] #1
0.0 0.0
0.0 0.0
7.99999999999987 0.0
7.999999999999936 0.0
8.209999999999932 0.009950166250831893
8.209999999999932 0.009950166250831893
9.999999999999828 0.009950166250831893
9.999999999999893 0.009950166250831893
10.21 0.01980132669324475
10.21 0.01980132669324475
11.99999999999979 0.01980132669324475
11.99999999999985 0.01980132669324475
12.20999999999991 0.02955446645149185
12.20999999999991 0.02955446645149185
13.99999999999974 0.02955446645149185
13.99999999999981 0.02955446645149185
14.2099999999998 0.03921056084767682
14.2099999999998 0.03921056084767682
15.9999999999997 0.03921056084767682
15.99999999999976 0.03921056084767682
16.20999999999979 0.04877057549928598
16.20999999999979 0.04877057549928598
18.0 0.04877057549928598
18.00000000000007 0.04877057549928598
18.21000000000023 0.05823546641575128
18.21000000000023 0.05823546641575128
20.00000000000031 0.05823546641575128
20.00000000000037 0.05823546641575128
20.21000000000069 0.06760618009405173
20.21000000000069 0.06760618009405173
22.00000000000061 0.06760618009405173
22.00000000000068 0.06760618009405173
22.21000000000071 0.07688365361336424
22.21000000000071 0.07688365361336424
24.00000000000092 0.07688365361336424
24.00000000000099 0.07688365361336424
24.21000000000122 0.08606881472877181
24.21000000000122 0.08606881472877181
26.00000000000123 0.08606881472877181
26.0000000000013 0.08606881472877181
26.21000000000133 0.09516258196404048
26.21000000000133 0.09516258196404048
28.00000000000154 0.09516258196404048
28.0000000000016 0.09516258196404048
28.21000000000164 0.1041658647034718
28.21000000000164 0.1041658647034718
30.00000000000185 0.1041658647034718
30.00000000000191 0.1041658647034718
30.2100000000024 0.1130795632828425
30.2100000000024 0.1130795632828425
32.00000000000216 0.1130795632828425
32.00000000000249 0.1130795632828425
32.21000000000245 0.1031293970320106
32.21000000000245 0.1031293970320106
34.00000000000176 0.1031293970320106
34.00000000000209 0.1031293970320106
34.21000000000205 0.09327823658959777
34.21000000000205 0.09327823658959777
36.00000000000136 0.09327823658959777
36.00000000000169 0.09327823658959777
36.21000000000171 0.08352509683135068
36.21000000000171 0.08352509683135068
38.00000000000097 0.08352509683135068
38.00000000000136 0.08352509683135068
38.21000000000132 0.09347526308218268
38.21000000000132 0.09347526308218268
40.00000000000057 0.09347526308218268
40.00000000000096 0.09347526308218268
40.21000000000122 0.1033264235245955
40.21000000000122 0.1033264235245955
42.00000000000017 0.1033264235245955
42.00000000000056 0.1033264235245955
42.21336716177699 0.1130795632828425
42.21336716177699 0.1130795632828425
43.99999999999977 0.1130795632828425
44.00000000000023 0.1130795632828425
44.21336716177659 0.1031293970320107
44.21336716177659 0.1031293970320107
45.99999999999937 0.1031293970320107
45.99999999999983 0.1031293970320107
46.21336716177619 0.09327823658959788
46.21336716177619 0.09327823658959788
47.99999999999898 0.09327823658959788
47.99999999999943 0.09327823658959788
48.21336716177579 0.08352509683135079
48.21336716177579 0.08352509683135079
49.99999999999858 0.08352509683135079
49.99999999999903 0.08352509683135079
50.21336716177539 0.07386900243516581
50.21336716177539 0.07386900243516581
51.99999999999818 0.07386900243516581
51.99999999999864 0.07386900243516581
52.213367161775 0.06430898778355665
52.213367161775 0.06430898778355665
53.9999999999978 0.06430898778355665
53.99999999999825 0.06430898778355665
54.21336716177462 0.05484409686709135
54.21336716177462 0.05484409686709135
55.99999999999741 0.05484409686709135
55.99999999999787 0.05484409686709135
56.21336716177424 0.04547338318879091
56.21336716177424 0.04547338318879091
57.99999999999703 0.04547338318879091
57.99999999999748 0.04547338318879091
58.21336716177385 0.03619590966947839
58.21336716177385 0.03619590966947839
59.99999999999665 0.03619590966947839
59.9999999999971 0.03619590966947839
60.21336716177347 0.02701074855407082
60.21336716177347 0.02701074855407082
61.99999999999626 0.02701074855407082
61.99999999999672 0.02701074855407082
62.21336716177309 0.01791698131880215
62.21336716177309 0.01791698131880215
63.99999999999588 0.01791698131880215
63.99999999999633 0.01791698131880215
64.21336716177285 0.008913698579370855
64.21336716177285 0.008913698579370855
65.99999999999689 0.008913698579370855
65.99999999999734 0.008913698579370855
66.21336716177386 1.110223024625157E-16
66.21336716177386 1.110223024625157E-16
900.0099999993595 0.0
# humanPositionX[0] #1
0.0 0.0
0.0 0.0
0.21 220.0
0.21 220.0
7.99999999999987 220.0
7.999999999999936 220.0
8.209999999999932 236.0
8.209999999999932 236.0
9.999999999999828 236.0
9.999999999999893 236.0
10.21 252.0
10.21 252.0
11.99999999999979 252.0
11.99999999999985 252.0
12.20999999999991 268.0
12.20999999999991 268.0
13.99999999999974 268.0
13.99999999999981 268.0
14.2099999999998 284.0
14.2099999999998 284.0
15.9999999999997 284.0
15.99999999999976 284.0
16.20999999999979 300.0
16.20999999999979 300.0
18.0 300.0
18.00000000000007 300.0
18.21000000000023 316.0
18.21000000000023 316.0
20.00000000000031 316.0
20.00000000000037 316.0
20.21000000000069 332.0
20.21000000000069 332.0
22.00000000000061 332.0
22.00000000000068 332.0
22.21000000000071 348.0
22.21000000000071 348.0
24.00000000000092 348.0
24.00000000000099 348.0
24.21000000000122 364.0
24.21000000000122 364.0
26.00000000000123 364.0
26.0000000000013 364.0
26.21000000000133 380.0
26.21000000000133 380.0
28.00000000000154 380.0
28.0000000000016 380.0
28.21000000000164 396.0
28.21000000000164 396.0
30.00000000000185 396.0
30.00000000000191 396.0
30.2100000000024 412.0
30.2100000000024 412.0
38.00000000000097 412.0
38.00000000000136 412.0
38.21000000000132 428.0
38.21000000000132 428.0
40.00000000000057 428.0
40.00000000000096 428.0
40.21000000000122 444.0
40.21000000000122 444.0
42.00000000000017 444.0
42.00000000000056 444.0
42.21336716177699 460.0
42.21336716177699 460.0
900.0099999993595 460.0
# humanPositionX[1] #1
0.0 0.0
0.0 0.0
0.21 220.0
0.21 220.0
42.01336716177703 220.0
42.01336716177703 220.0
42.22336716177698 230.0
42.22336716177698 230.0
43.01336716177683 230.0
43.01336716177683 230.0
43.22336716177679 240.0
43.22336716177679 240.0
44.01336716177663 240.0
44.01336716177663 240.0
44.22336716177659 250.0
44.22336716177659 250.0
45.01336716177643 250.0
45.01336716177643 250.0
45.22336716177639 260.0
45.22336716177639 260.0
46.01336716177623 260.0
46.01336716177623 260.0
46.22336716177619 270.0
46.22336716177619 270.0
47.01336716177603 270.0
47.01336716177603 270.0
47.22336716177599 280.0
47.22336716177599 280.0
48.01336716177583 280.0
48.01336716177583 280.0
48.22336716177579 290.0
48.22336716177579 290.0
49.01336716177563 290.0
49.01336716177563 290.0
49.22336716177559 300.0
49.22336716177559 300.0
50.01336716177543 300.0
50.01336716177543 300.0
50.22336716177539 310.0
50.22336716177539 310.0
51.01336716177524 310.0
51.01336716177524 310.0
51.22336716177519 320.0
51.22336716177519 320.0
52.01336716177504 320.0
52.01336716177504 320.0
52.223367161775 330.0
52.223367161775 330.0
53.01336716177485 330.0
53.01336716177485 330.0
53.22336716177481 340.0
53.22336716177481 340.0
54.01336716177466 340.0
54.01336716177466 340.0
54.22336716177462 350.0
54.22336716177462 350.0
55.01336716177447 350.0
55.01336716177447 350.0
55.22336716177443 360.0
55.22336716177443 360.0
56.01336716177428 360.0
56.01336716177428 360.0
56.22336716177423 370.0
56.22336716177423 370.0
57.01336716177408 370.0
57.01336716177408 370.0
57.22336716177404 380.0
57.22336716177404 380.0
58.01336716177389 380.0
58.01336716177389 380.0
58.22336716177385 390.0
58.22336716177385 390.0
59.0133671617737 390.0
59.0133671617737 390.0
59.22336716177366 400.0
59.22336716177366 400.0
60.01336716177351 400.0
60.01336716177351 400.0
60.22336716177347 410.0
60.22336716177347 410.0
61.01336716177332 410.0
61.01336716177332 410.0
61.22336716177328 420.0
61.22336716177328 420.0
62.01336716177313 420.0
62.01336716177313 420.0
62.22336716177308 430.0
62.22336716177308 430.0
63.01336716177293 430.0
63.01336716177293 430.0
63.22336716177289 440.0
63.22336716177289 440.0
64.01336716177275 440.0
64.01336716177275 440.0
64.22336716177286 450.0
64.22336716177286 450.0
65.01336716177325 450.0
65.01336716177325 450.0
65.22336716177335 460.0
65.22336716177335 460.0
66.01336716177376 460.0
66.01336716177376 460.0
66.22336716177387 470.0
66.22336716177387 470.0
67.01336716177427 470.0
67.01336716177427 470.0
67.22336716177438 480.0
67.22336716177438 480.0
68.01336716177478 480.0
68.01336716177478 480.0
68.22336716177489 490.0
68.22336716177489 490.0
69.01336716177529 490.0
69.01336716177529 490.0
69.2233671617754 500.0
69.2233671617754 500.0
70.0133671617758 500.0
70.0133671617758 500.0
70.22336716177591 510.0
70.22336716177591 510.0
71.01336716177632 510.0
71.01336716177632 510.0
71.22336716177642 520.0
71.22336716177642 520.0
72.01336716177683 520.0
72.01336716177683 520.0
72.22336716177693 530.0
72.22336716177693 530.0
73.01336716177734 530.0
73.01336716177734 530.0
73.22336716177745 540.0
73.22336716177745 540.0
74.01336716177785 540.0
74.01336716177785 540.0
74.22336716177796 550.0
74.22336716177796 550.0
75.01336716177836 550.0
75.01336716177836 550.0
75.22336716177847 560.0
75.22336716177847 560.0
76.01336716177887 560.0
76.01336716177887 560.0
76.22336716177898 570.0
76.22336716177898 570.0
77.01336716177937 570.0
77.01336716177937 570.0
77.22336716177948 580.0
77.22336716177948 580.0
78.01336716177988 580.0
78.01336716177988 580.0
78.22336716177999 590.0
78.22336716177999 590.0
79.0133671617804 590.0
79.0133671617804 590.0
79.2233671617805 600.0
79.2233671617805 600.0
80.01336716178089 600.0
80.01336716178089 600.0
80.223367161781 610.0
80.223367161781 610.0
81.0133671617814 610.0
81.0133671617814 610.0
81.22336716178151 620.0
81.22336716178151 620.0
82.01336716178191 620.0
82.01336716178191 620.0
82.22336716178202 630.0
82.22336716178202 630.0
83.01336716178243 630.0
83.01336716178243 630.0
83.22336716178253 640.0
83.22336716178253 640.0
84.01336716178294 640.0
84.01336716178294 640.0
84.22336716178305 650.0
84.22336716178305 650.0
85.01336716178345 650.0
85.01336716178345 650.0
85.22336716178356 660.0
85.22336716178356 660.0
86.01336716178396 660.0
86.01336716178396 660.0
86.22336716178407 670.0
86.22336716178407 670.0
87.01336716178447 670.0
87.01336716178447 670.0
87.22336716178458 680.0
87.22336716178458 680.0
88.01336716178498 680.0
88.01336716178498 680.0
88.22336716178509 690.0
88.22336716178509 690.0
89.0133671617855 690.0
89.0133671617855 690.0
89.2233671617856 700.0
89.2233671617856 700.0
90.01336716178601 700.0
90.01336716178601 700.0
90.22336716178611 710.0
90.22336716178611 710.0
91.01336716178652 710.0
91.01336716178652 710.0
91.22336716178663 720.0
91.22336716178663 720.0
92.01336716178703 720.0
92.01336716178703 720.0
92.22336716178714 730.0
92.22336716178714 730.0
93.01336716178754 730.0
93.01336716178754 730.0
93.22336716178765 740.0
93.22336716178765 740.0
94.01336716178805 740.0
94.01336716178805 740.0
94.22336716178816 750.0
94.22336716178816 750.0
95.01336716178857 750.0
95.01336716178857 750.0
95.22336716178867 760.0
95.22336716178867 760.0
96.01336716178908 760.0
96.01336716178908 760.0
96.22336716178918 770.0
96.22336716178918 770.0
97.01336716178959 770.0
97.01336716178959 770.0
97.2233671617897 780.0
97.2233671617897 780.0
98.0133671617901 780.0
98.0133671617901 780.0
98.22336716179021 790.0
98.22336716179021 790.0
99.01336716179061 790.0
99.01336716179061 790.0
99.22336716179072 800.0
99.22336716179072 800.0
100.0133671617911 800.0
100.0133671617911 800.0
100.2233671617912 810.0
100.2233671617912 810.0
101.0133671617916 810.0
101.0133671617916 810.0
101.2233671617917 820.0
101.2233671617917 820.0
102.0133671617921 820.0
102.0133671617921 820.0
102.2233671617922 830.0
102.2233671617922 830.0
103.0133671617926 830.0
103.0133671617926 830.0
103.2233671617928 840.0
103.2233671617928 840.0
104.0133671617932 840.0
104.0133671617932 840.0
104.2233671617933 850.0
104.2233671617933 850.0
105.0133671617937 850.0
105.0133671617937 850.0
105.2233671617938 860.0
105.2233671617938 860.0
106.0133671617942 860.0
106.0133671617942 860.0
106.2233671617943 870.0
106.2233671617943 870.0
107.0133671617947 870.0
107.0133671617947 870.0
107.2233671617948 880.0
107.2233671617948 880.0
108.0133671617952 880.0
108.0133671617952 880.0
108.2233671617953 890.0
108.2233671617953 890.0
109.0133671617957 890.0
109.0133671617957 890.0
109.2233671617958 900.0
109.2233671617958 900.0
110.0133671617962 900.0
110.0133671617962 900.0
110.2233671617963 910.0
110.2233671617963 910.0
111.0133671617967 910.0
111.0133671617967 910.0
111.2233671617968 920.0
111.2233671617968 920.0
112.0133671617972 920.0
112.0133671617972 920.0
112.2233671617974 930.0
112.2233671617974 930.0
113.0133671617977 930.0
113.0133671617977 930.0
113.2233671617979 940.0
113.2233671617979 940.0
114.0133671617983 940.0
114.0133671617983 940.0
114.2233671617984 950.0
114.2233671617984 950.0
115.0133671617988 950.0
115.0133671617988 950.0
115.2233671617989 960.0
115.2233671617989 960.0
116.0133671617993 960.0
116.0133671617993 960.0
116.2233671617994 970.0
116.2233671617994 970.0
117.0133671617998 970.0
117.0133671617998 970.0
117.2233671617999 980.0
117.2233671617999 980.0
118.0133671618003 980.0
118.0133671618003 980.0
118.2233671618004 990.0
118.2233671618004 990.0
119.0133671618008 990.0
119.0133671618008 990.0
119.2233671618009 1000.0
119.2233671618009 1000.0
120.0133671618013 1000.0
120.0133671618013 1000.0
120.2233671618014 1010.0
120.2233671618014 1010.0
121.0133671618018 1010.0
121.0133671618018 1010.0
121.2233671618019 1020.0
121.2233671618019 1020.0
122.0133671618023 1020.0
122.0133671618023 1020.0
122.2233671618024 1030.0
122.2233671618024 1030.0
123.0133671618028 1030.0
123.0133671618028 1030.0
123.223367161803 1040.0
123.223367161803 1040.0
124.0133671618033 1040.0
124.0133671618033 1040.0
124.2233671618035 1050.0
124.2233671618035 1050.0
125.0133671618038 1050.0
125.0133671618038 1050.0
125.2233671618039 1060.0
125.2233671618039 1060.0
126.0133671618043 1060.0
126.0133671618043 1060.0
126.2233671618044 1070.0
126.2233671618044 1070.0
127.0133671618048 1070.0
127.0133671618048 1070.0
127.2233671618049 1080.0
127.2233671618049 1080.0
128.0133671618053 1080.0
128.0133671618053 1080.0
128.2233671618052 1090.0
128.2233671618052 1090.0
129.0133671618044 1090.0
129.0133671618044 1090.0
129.2233671618042 1100.0
129.2233671618042 1100.0
130.0133671618036 1100.0
130.0133671618036 1100.0
130.2233671618034 1110.0
130.2233671618034 1110.0
131.0133671618026 1110.0
131.0133671618026 1110.0
131.2233671618025 1120.0
131.2233671618025 1120.0
132.0133671618017 1120.0
132.0133671618017 1120.0
132.2233671618015 1130.0
132.2233671618015 1130.0
133.0133671618008 1130.0
133.0133671618008 1130.0
133.2233671618006 1140.0
133.2233671618006 1140.0
134.0133671617999 1140.0
134.0133671617999 1140.0
134.2233671617998 1150.0
134.2233671617998 1150.0
135.013367161799 1150.0
135.013367161799 1150.0
135.2233671617988 1160.0
135.2233671617988 1160.0
136.0133671617982 1160.0
136.0133671617982 1160.0
136.223367161798 1170.0
136.223367161798 1170.0
137.0133671617972 1170.0
137.0133671617972 1170.0
137.2233671617971 1180.0
137.2233671617971 1180.0
138.0133671617964 1180.0
138.0133671617964 1180.0
138.2233671617962 1190.0
138.2233671617962 1190.0
139.0133671617955 1190.0
139.0133671617955 1190.0
139.2233671617953 1200.0
139.2233671617953 1200.0
140.0133671617946 1200.0
140.0133671617946 1200.0
140.2233671617944 1210.0
140.2233671617944 1210.0
141.0133671617937 1210.0
141.0133671617937 1210.0
141.2233671617935 1220.0
141.2233671617935 1220.0
142.0133671617928 1220.0
142.0133671617928 1220.0
142.2233671617926 1230.0
142.2233671617926 1230.0
143.0133671617919 1230.0
143.0133671617919 1230.0
143.2233671617917 1240.0
143.2233671617917 1240.0
144.013367161791 1240.0
144.013367161791 1240.0
144.2233671617908 1250.0
144.2233671617908 1250.0
145.0133671617901 1250.0
145.0133671617901 1250.0
145.2233671617899 1260.0
145.2233671617899 1260.0
148.0133671617874 1260.000000000898
148.0133671617874 1260.000000001347
151.0133671617847 1260.000000002245
151.0133671617847 1260.000000002694
154.013367161782 1260.000000003592
154.013367161782 1260.000000004041
157.0133671617793 1260.000000004939
157.0133671617793 1260.000000005388
900.0099999993595 1260.000000005836
# humanPositionX[2] #1
0.0 0.0
0.0 0.0
0.21 220.0
0.21 220.0
426.6603470789672 220.0
426.6603470789672 220.0
426.870347078967 235.0
426.870347078967 235.0
427.6603470789663 235.0
427.6603470789663 235.0
427.8703470789661 250.0
427.8703470789661 250.0
428.6603470789654 250.0
428.6603470789654 250.0
428.8703470789652 265.0
428.8703470789652 265.0
429.6603470789645 265.0
429.6603470789645 265.0
429.8703470789643 280.0
429.8703470789643 280.0
430.6603470789636 280.0
430.6603470789636 280.0
430.8703470789634 295.0
430.8703470789634 295.0
431.6603470789627 295.0
431.6603470789627 295.0
431.8703470789625 310.0
431.8703470789625 310.0
432.6603470789618 310.0
432.6603470789618 310.0
432.8703470789616 325.0
432.8703470789616 325.0
433.6603470789609 325.0
433.6603470789609 325.0
433.8703470789607 340.0
433.8703470789607 340.0
434.6603470789599 340.0
434.6603470789599 340.0
434.8703470789598 355.0
434.8703470789598 355.0
435.660347078959 355.0
435.660347078959 355.0
435.8703470789588 370.0
435.8703470789588 370.0
436.6603470789581 370.0
436.6603470789581 370.0
436.8703470789579 385.0
436.8703470789579 385.0
437.6603470789572 385.0
437.6603470789572 385.0
437.870347078957 400.0
437.870347078957 400.0
438.6603470789564 400.0
438.6603470789564 400.0
438.8703470789562 415.0
438.8703470789562 415.0
439.6603470789554 415.0
439.6603470789554 415.0
439.8703470789552 430.0
439.8703470789552 430.0
440.6603470789545 430.0
440.6603470789545 430.0
440.8703470789544 445.0
440.8703470789544 445.0
441.6603470789536 445.0
441.6603470789536 445.0
441.8703470789534 460.0
441.8703470789534 460.0
442.6603470789527 460.0
442.6603470789527 460.0
442.8703470789525 475.0
442.8703470789525 475.0
443.6603470789518 475.0
443.6603470789518 475.0
443.8703470789516 490.0
443.8703470789516 490.0
444.6603470789509 490.0
444.6603470789509 490.0
444.8703470789507 505.0
444.8703470789507 505.0
445.6603470789499 505.0
445.6603470789499 505.0
445.8703470789497 520.0
445.8703470789497 520.0
446.660347078949 520.0
446.660347078949 520.0
446.8703470789488 535.0
446.8703470789488 535.0
447.6603470789481 535.0
447.6603470789481 535.0
447.8703470789479 550.0
447.8703470789479 550.0
448.6603470789472 550.0
448.6603470789472 550.0
448.870347078947 565.0
448.870347078947 565.0
449.6603470789462 565.0
449.6603470789462 565.0
449.8703470789461 580.0
449.8703470789461 580.0
450.6603470789454 580.0
450.6603470789454 580.0
450.8703470789452 595.0
450.8703470789452 595.0
451.6603470789444 595.0
451.6603470789444 595.0
451.8703470789442 610.0
451.8703470789442 610.0
452.6603470789435 610.0
452.6603470789435 610.0
452.8703470789433 625.0
452.8703470789433 625.0
453.6603470789426 625.0
453.6603470789426 625.0
453.8703470789424 640.0
453.8703470789424 640.0
454.6603470789416 640.0
454.6603470789416 640.0
454.8703470789414 655.0
454.8703470789414 655.0
455.6603470789407 655.0
455.6603470789407 655.0
455.8703470789405 670.0
455.8703470789405 670.0
456.6603470789398 670.0
456.6603470789398 670.0
456.8703470789396 685.0
456.8703470789396 685.0
457.6603470789388 685.0
457.6603470789388 685.0
457.8703470789386 700.0
457.8703470789386 700.0
458.6603470789379 700.0
458.6603470789379 700.0
458.8703470789377 715.0
458.8703470789377 715.0
459.6603470789369 715.0
459.6603470789369 715.0
459.8703470789367 730.0
459.8703470789367 730.0
460.6603470789361 730.0
460.6603470789361 730.0
460.8703470789359 745.0
460.8703470789359 745.0
461.6603470789351 745.0
461.6603470789351 745.0
461.8703470789349 760.0
461.8703470789349 760.0
462.6603470789342 760.0
462.6603470789342 760.0
462.870347078934 775.0
462.870347078934 775.0
463.6603470789332 775.0
463.6603470789332 775.0
463.870347078933 790.0
463.870347078933 790.0
464.6603470789323 790.0
464.6603470789323 790.0
464.8703470789321 805.0
464.8703470789321 805.0
465.6603470789314 805.0
465.6603470789314 805.0
465.8703470789312 820.0
465.8703470789312 820.0
466.6603470789304 820.0
466.6603470789304 820.0
466.8703470789303 835.0
466.8703470789303 835.0
467.6603470789295 835.0
467.6603470789295 835.0
467.8703470789293 850.0
467.8703470789293 850.0
468.6603470789286 850.0
468.6603470789286 850.0
468.8703470789284 865.0
468.8703470789284 865.0
469.6603470789276 865.0
469.6603470789276 865.0
469.8703470789274 880.0
469.8703470789274 880.0
470.6603470789267 880.0
470.6603470789267 880.0
470.8703470789266 895.0
470.8703470789266 895.0
471.6603470789258 895.0
471.6603470789258 895.0
471.8703470789256 910.0
471.8703470789256 910.0
472.6603470789249 910.0
472.6603470789249 910.0
472.8703470789247 925.0
472.8703470789247 925.0
473.6603470789239 925.0
473.6603470789239 925.0
473.8703470789237 940.0
473.8703470789237 940.0
474.660347078923 940.0
474.660347078923 940.0
474.8703470789228 955.0
474.8703470789228 955.0
475.660347078922 955.0
475.660347078922 955.0
475.8703470789218 970.0
475.8703470789218 970.0
476.6603470789211 970.0
476.6603470789211 970.0
476.8703470789209 985.0
476.8703470789209 985.0
477.6603470789202 985.0
477.6603470789202 985.0
477.87034707892 1000.0
477.87034707892 1000.0
478.6603470789192 1000.0
478.6603470789192 1000.0
478.8703470789191 1015.0
478.8703470789191 1015.0
479.6603470789183 1015.0
479.6603470789183 1015.0
479.8703470789181 1030.0
479.8703470789181 1030.0
480.6603470789174 1030.0
480.6603470789174 1030.0
480.8703470789172 1045.0
480.8703470789172 1045.0
481.6603470789165 1045.0
481.6603470789165 1045.0
481.8703470789163 1060.0
481.8703470789163 1060.0
482.6603470789155 1060.0
482.6603470789155 1060.0
482.8703470789154 1075.0
482.8703470789154 1075.0
483.6603470789146 1075.0
483.6603470789146 1075.0
483.8703470789144 1090.0
483.8703470789144 1090.0
484.6603470789137 1090.0
484.6603470789137 1090.0
484.8703470789135 1105.0
484.8703470789135 1105.0
485.6603470789128 1105.0
485.6603470789128 1105.0
485.8703470789126 1120.0
485.8703470789126 1120.0
486.6603470789119 1120.0
486.6603470789119 1120.0
486.8703470789117 1135.0
486.8703470789117 1135.0
487.6603470789109 1135.0
487.6603470789109 1135.0
487.8703470789108 1150.0
487.8703470789108 1150.0
488.66034707891 1150.0
488.66034707891 1150.0
488.8703470789098 1165.0
488.8703470789098 1165.0
489.6603470789091 1165.0
489.6603470789091 1165.0
489.8703470789089 1180.0
489.8703470789089 1180.0
490.6603470789082 1180.0
490.6603470789082 1180.0
490.870347078908 1195.0
490.870347078908 1195.0
491.6603470789073 1195.0
491.6603470789073 1195.0
491.8703470789071 1210.0
491.8703470789071 1210.0
492.6603470789065 1210.0
492.6603470789065 1210.0
492.8703470789063 1225.0
492.8703470789063 1225.0
493.6603470789055 1225.0
493.6603470789055 1225.0
493.8703470789053 1240.0
493.8703470789053 1240.0
494.6603470789046 1240.0
494.6603470789046 1240.0
494.8703470789044 1255.0
494.8703470789044 1255.0
496.6603470789027 1255.000000000673
496.6603470789027 1255.000000001347
498.6603470789009 1255.00000000202
498.6603470789009 1255.000000002694
500.6603470788991 1255.000000003367
500.6603470788991 1255.000000004041
502.6603470788972 1255.000000004714
502.6603470788972 1255.000000005388
504.6603470788954 1255.000000006061
504.6603470788954 1255.000000006735
506.6603470788935 1255.000000007408
506.6603470788935 1255.000000008081
900.0099999993595 1255.000000008081
# humanPositionY[0] #1
0.0 0.0
0.0 0.0
0.21 325.0
0.21 325.0
900.0099999993595 325.0
# humanPositionY[1] #1
0.0 0.0
0.0 0.0
0.21 325.0
0.21 325.0
146.0133671617892 325.0
146.0133671617892 325.0
146.223367161789 335.0
146.223367161789 335.0
147.0133671617883 335.0
147.0133671617883 335.0
147.2233671617881 345.0
147.2233671617881 345.0
148.0133671617874 345.0
148.0133671617874 345.0
148.2233671617872 355.0
148.2233671617872 355.0
149.0133671617865 355.0
149.0133671617865 355.0
149.2233671617863 365.0
149.2233671617863 365.0
150.0133671617856 365.0
150.0133671617856 365.0
150.2233671617854 375.0
150.2233671617854 375.0
151.0133671617847 375.0
151.0133671617847 375.0
151.2233671617845 385.0
151.2233671617845 385.0
152.0133671617838 385.0
152.0133671617838 385.0
152.2233671617836 395.0
152.2233671617836 395.0
153.0133671617829 395.0
153.0133671617829 395.0
153.2233671617827 405.0
153.2233671617827 405.0
154.013367161782 405.0
154.013367161782 405.0
154.2233671617818 415.0
154.2233671617818 415.0
155.0133671617811 415.0
155.0133671617811 415.0
155.2233671617809 425.0
155.2233671617809 425.0
156.0133671617802 425.0
156.0133671617802 425.0
156.22336716178 435.0
156.22336716178 435.0
157.0133671617793 435.0
157.0133671617793 435.0
157.2233671617791 445.0
157.2233671617791 445.0
158.0133671617784 445.0
158.0133671617784 445.0
158.2233671617782 455.0
158.2233671617782 455.0
900.0099999993595 455.0
# humanPositionY[2] #1
0.0 0.0
0.0 0.0
0.21 325.0
0.21 325.0
495.6603470789036 325.0
495.6603470789036 325.0
495.8703470789034 310.0
495.8703470789034 310.0
496.6603470789027 310.0
496.6603470789027 310.0
496.8703470789025 295.0
496.8703470789025 295.0
497.6603470789018 295.0
497.6603470789018 295.0
497.8703470789016 280.0
497.8703470789016 280.0
498.6603470789009 280.0
498.6603470789009 280.0
498.8703470789007 265.0
498.8703470789007 265.0
499.6603470789 265.0
499.6603470789 265.0
499.8703470788998 250.0
499.8703470788998 250.0
500.6603470788991 250.0
500.6603470788991 250.0
500.8703470788989 235.0
500.8703470788989 235.0
501.6603470788982 235.0
501.6603470788982 235.0
501.870347078898 220.0
501.870347078898 220.0
502.6603470788972 220.0
502.6603470788972 220.0
502.8703470788971 205.0
502.8703470788971 205.0
503.6603470788963 205.0
503.6603470788963 205.0
503.8703470788961 190.0
503.8703470788961 190.0
504.6603470788954 190.0
504.6603470788954 190.0
504.8703470788952 175.0
504.8703470788952 175.0
505.6603470788944 175.0
505.6603470788944 175.0
505.8703470788942 160.0
505.8703470788942 160.0
506.6603470788935 160.0
506.6603470788935 160.0
506.8703470788933 145.0
506.8703470788933 145.0
900.0099999993595 145.0
# o.mission_accomplished * 200 #1
0.0 0.0
0.0 0.0
509.9999999996826 0.0
509.9999999996878 0.0
510.213367161459 200.0
510.213367161459 200.0
900.0099999993595 200.0
# o.mission_failed * 150 #1
0.0 0.0
0.0 0.0
900.0099999993595 0.0
# served[0] * 100 #1
0.0 0.0
0.0 0.0
41.00000000000037 0.0
41.00000000000082 0.0
41.21336716177719 100.0
41.21336716177719 100.0
900.0099999993595 100.0
# served[1] * 100 #1
0.0 0.0
0.0 0.0
159.0133671617775 0.0
159.2233671617773 100.0
159.2233671617773 100.0
900.0099999993595 100.0
# served[2] * 100 #1
0.0 0.0
0.0 0.0
507.6603470788925 0.0
507.8703470788923 100.0
507.8703470788923 100.0
900.0099999993595 100.0
